target_id	pval	qval	test_stat	rss	degrees_free	mean_obs	var_obs	tech_var	sigma_sq	smooth_sigma_sq	final_sigma_sq
ENST00000031146	0.0231984601228307	1	5.15358277283846	18.8336289935853	1	1.46851736103387	6.27787633119511	2.0763452714117	4.2015310597834	1.52243013209713	4.2015310597834
ENST00000064724	0.0127456308393873	1	6.2040781823434	20.8082454431645	1	1.58741106525889	6.93608181438817	1.49572129063388	5.44036052375429	1.63826988088444	5.44036052375429
ENST00000156084	0.0348112703188141	1	4.45440849118891	12.3784795329844	1	1.06162678488342	4.12615984432815	1.13946313347572	2.98669671085243	1.46063897285188	2.98669671085243
ENST00000159111	0.0228188401922861	1	5.18224362279043	16.4101080978756	1	1.33220221309869	5.47003603262521	1.63371580805307	3.83632022457214	1.46363825844285	3.83632022457214
ENST00000167586	0.000490005863885384	1	12.1533190383443	6.86827784747723	1	5.11948734357035	2.28942594915908	0.0974789113575325	2.19194703780155	0.0884190336916903	2.19194703780155
ENST00000204566	0.0231114539143688	1	5.16010846754326	13.2109666391387	1	1.08277932634442	4.40365554637958	0.720401903363921	3.68325364301566	1.45898241528436	3.68325364301566
ENST00000216117	0.0449354521987271	1	4.02106040405819	10.3248298961344	1	0.901569825400355	3.44160996537814	0.757415299091755	2.68419466628638	1.45496370731759	2.68419466628638
ENST00000216733	0.0268790489389341	1	4.89856330091149	10.0899361253138	1	0.875690904009093	3.36331204177126	0.129402982254914	3.23390905951635	1.45148251687373	3.23390905951635
ENST00000216774	0.0251461169665703	1	5.01379553966226	15.632758071362	1	1.27739627886774	5.21091935712068	1.57955491798068	3.63136443914	1.46285038081951	3.63136443914
ENST00000217652	0.0466254249601969	1	3.95885438226075	0.314074547054531	1	5.78102648989295	0.104691515684844	0.00593682616700278	0.0987546895178409	0.0689158053724095	0.0987546895178409
ENST00000221448	0.0348871781719689	1	4.45068852069033	12.0639528145821	1	1.04084574593105	4.0213176048607	1.05583388979105	2.96548371506965	1.46239748750215	2.96548371506965
ENST00000225729	0.0316449400185408	1	4.61762962123763	10.9884199246544	1	0.958501615107839	3.66280664155146	0.616118718591185	3.04668792296027	1.46311997820164	3.04668792296027
ENST00000225831	0.00666081361522434	1	7.36222986936574	4.00741663931776	1	4.21466493519058	1.33580554643925	0.0168249263704389	1.31898062006881	0.200417217008517	1.31898062006881
ENST00000226230	0.0261004467521116	1	4.94935218813614	13.4970291316945	1	1.02336655286258	4.49900971056482	0.544844118176464	3.95416559238836	1.4636943738324	3.95416559238836
ENST00000226319	0.0362267706022227	1	4.3863980472851	14.5603844035885	1	1.22396158725831	4.85346146786283	1.86509302342296	2.98836844443987	1.46473760979705	2.98836844443987
ENST00000230340	0.0476314862382974	1	3.922940936415	9.0163942159121	1	0.826190929533887	3.00546473863737	0.413353332338358	2.59211140629901	1.44484995996792	2.59211140629901
ENST00000233668	0.0253512106625774	1	4.99973426565516	15.6339170512573	1	2.11921746445509	5.21130568375244	0.571721157285773	4.63958452646667	2.20153714925719	4.63958452646667
ENST00000242786	0.0166650295744889	1	5.73131178890199	15.8915356259121	1	1.27957492342494	5.29717854197072	1.04921921015387	4.24795933181685	1.46277979583449	4.24795933181685
ENST00000245907	0.00719018385172354	1	7.22483356547197	26.7265086054435	1	1.86730962097701	8.90883620181449	1.05091515531711	7.85792104649738	1.94736063885217	7.85792104649738
ENST00000246489	0.0247280574156063	1	5.04283026498148	17.8255127696074	1	1.41003242425963	5.94183758986912	1.99283802619965	3.94899956366947	1.48445734461411	3.94899956366947
ENST00000248553	0.0471509739702458	1	3.93999299019647	1.72414403026441	1	4.77120718023251	0.574714676754804	0.321004242957831	0.253710433796974	0.114701652585536	0.253710433796974
ENST00000251127	0.0115671679696799	1	6.37603321626798	20.8315420435017	1	1.58876880319489	6.94384734783389	1.3671238670191	5.57672348081478	1.63975811178178	5.57672348081478
ENST00000255006	0.0450009399636776	1	4.01860428435234	15.9614241514603	1	1.20984778145988	5.32047471715344	2.16095478006537	3.15951993708806	1.46477186376353	3.15951993708806
ENST00000262056	0.0440625427648051	1	4.05416355910437	0.353313321988071	1	5.61442143659436	0.117771107329357	0.00857046692880227	0.109200640400555	0.0710073665743364	0.109200640400555
ENST00000262375	0.0298514099480805	1	4.71782895399978	11.9626362658453	1	1.00262496839191	3.98754542194844	0.710925401816892	3.27662002013155	1.46468343130628	3.27662002013155
ENST00000262648	0.0100063564753378	1	6.63376464009007	14.1811591162288	1	1.62152879790806	4.72705303874293	0.144200509973828	4.5828525287691	1.67593859195741	4.5828525287691
ENST00000262995	0.0494721280510302	1	3.8592605289891	10.8443217399949	1	1.04814159306676	3.61477391333163	1.10170021650794	2.51307369682369	1.46178953890777	2.51307369682369
ENST00000264108	0.0163184549138052	1	5.76823080589877	12.3875172164165	1	1.06597771527683	4.12917240547216	0.355442514151723	3.77372989132043	1.46027418392671	3.77372989132043
ENST00000264828	0.0101254447781654	1	6.61269258081672	7.7110329783509	1	3.18965584431366	2.57034432611697	0.341194047300989	2.22915027881598	0.732697631782764	2.22915027881598
ENST00000264893	0.0366741399739897	1	4.36548045159892	1.86834119951976	1	5.59263167728657	0.622780399839921	0.0178004589161098	0.60497994092381	0.0714055299942926	0.60497994092381
ENST00000265087	0.0040407138412569	1	8.26542780822518	0.977165503033449	1	6.37885405506557	0.325721834344483	0.00420288326508959	0.321518951079394	0.0745825584323366	0.321518951079394
ENST00000265641	0.0303384233034093	1	4.69001269177212	3.55681967066162	1	4.02842240901842	1.18560655688721	0.314692447787463	0.870914109099743	0.248804828338678	0.870914109099743
ENST00000266070	0.0359345887726411	1	4.40020604474376	20.1621154625303	1	1.55664897776579	6.72070515417676	3.1363877111692	3.58431744300757	1.60512801177077	3.58431744300757
ENST00000266674	0.0311073931712183	1	4.64702621314384	13.2107121958259	1	1.80273537601967	4.40357073194198	0.442697354192632	3.96087337774935	1.86560834488011	3.96087337774935
ENST00000268057	0.0452702459953293	1	4.0085433722581	9.40578634706692	1	0.839943834513996	3.13526211568897	0.470976264040492	2.66428585164848	1.44672408782645	2.66428585164848
ENST00000268695	0.0228573268597501	1	5.17931549701387	11.1665411714496	1	0.974908238500467	3.72218039048321	0.356605780977081	3.36557460950613	1.46444088508194	3.36557460950613
ENST00000268989	0.0307979877764666	1	4.66418774665528	12.020885037219	1	1.0339580577804	4.00696167907301	0.881576316705705	3.12538536236731	1.46294279896249	3.12538536236731
ENST00000269143	0.0122486942170375	1	6.27451064608439	15.8334904821147	1	1.29639893528572	5.27783016070492	0.787172797407508	4.49065736329741	1.46243042220561	4.49065736329741
ENST00000272647	0.0138551273464617	1	6.05650943488321	16.3198600212516	1	1.32228917485187	5.43995334041719	0.976075273134868	4.46387806728232	1.46295319769932	4.46387806728232
ENST00000273342	0.0452189982596389	1	4.01045305434597	0.781422510534392	1	5.92113802168692	0.260474170178131	0.0228782197808052	0.237595950397326	0.0684049600063231	0.237595950397326
ENST00000274031	0.0170369384074788	1	5.69256461747486	0.916588953755475	1	4.85177054712713	0.305529651251825	0.0212931339601281	0.284236517291697	0.107253198724061	0.284236517291697
ENST00000274341	0.00222737349631871	1	9.35204046148176	32.1093927054293	1	2.12451034777881	10.7031309018098	0.0061882896823317	10.6969426121274	2.20294288656822	10.6969426121274
ENST00000274938	0.0288414657712484	1	4.77705134260906	1.7683408154471	1	5.29040304353977	0.589446938482365	0.0142113569778557	0.57523558150451	0.0802442502884664	0.57523558150451
ENST00000275525	0.036646942783326	1	4.36674446215489	10.3174155813399	1	0.812360594847217	3.4391385271133	0.12566186308167	3.31347666403163	1.44291337010834	3.31347666403163
ENST00000275605	0.0383049356096456	1	4.29142998381066	9.60509483693711	1	0.855886257029687	3.20169827897904	0.391591227545948	2.81010705143309	1.44885565014343	2.81010705143309
ENST00000275954	0.0218902357593392	1	5.25448840317509	1.41969875442939	1	4.17459361249549	0.47323291814313	0.0403013221763937	0.432931595966736	0.209746916159817	0.432931595966736
ENST00000276204	0.0453784871499599	1	4.00451737510871	10.6465039244523	1	0.922046248492942	3.54883464148411	0.859864631309439	2.68897001017467	1.4578299078786	2.68897001017467
ENST00000277570	0.0326565373479147	1	4.56369542304245	8.82438283086073	1	1.34401965446484	2.94146094362024	0.18700936519194	2.7544515784283	1.46490088955221	2.7544515784283
ENST00000279022	0.0282767314776292	1	4.81111574577934	0.46501228061581	1	5.20710196903551	0.155004093538603	0.0142583139767677	0.140745779561836	0.0839036640436724	0.140745779561836
ENST00000280527	0.0152569108988684	1	5.88655589086449	0.860199304449797	1	6.58291247495393	0.286733101483266	0.00309318729882002	0.283639914184446	0.0816172040687706	0.283639914184446
ENST00000280612	0.0175527202672383	1	5.6402483815076	3.11356153978484	1	3.59089950796025	1.03785384659495	0.147736994888987	0.890116851705958	0.429952029627698	0.890116851705958
ENST00000281282	0.0338274604863529	1	4.50340349690969	11.0263327901503	1	2.11018600321749	3.67544426338342	0.196126036650508	3.47931822673291	2.19855235548849	3.47931822673291
ENST00000282286	0.0277246497868044	1	4.84510840186276	10.5393383637181	1	0.929746898679503	3.51311278790604	0.374709374926898	3.13840341297915	1.45894700658866	3.13840341297915
ENST00000286091	0.0293745613601128	1	4.74552663393122	14.754161299034	1	1.22562267460406	4.91805376634468	1.60629459822968	3.311759168115	1.46471031745173	3.311759168115
ENST00000287020	0.0214664226669097	1	5.28852269581263	2.8412856680115	1	3.83659061152658	0.947095222670499	0.0278293029096887	0.91926591976081	0.314428399053423	0.91926591976081
ENST00000287859	0.0259141035882772	1	4.96174104965326	10.0711551465601	1	0.891290260967522	3.35705171552002	0.166031546148857	3.19102016937117	1.45356776234546	3.19102016937117
ENST00000290037	0.041985053391649	1	4.13580663280461	13.8181276527988	1	1.15816017553343	4.60604255093293	1.82269897313271	2.78334357780021	1.46022921700529	2.78334357780021
ENST00000292535	0.0267718505256079	1	4.90546449152427	14.2027004344896	1	1.14607558854634	4.7342334781632	1.13750996863484	3.59672350952836	1.45881867864819	3.59672350952836
ENST00000295633	0.0252095479751533	1	5.00943401249181	18.1708369790928	1	1.43523191742712	6.0569456596976	2.1082380631687	3.94870759652891	1.4987256950675	3.94870759652891
ENST00000296129	0.0364772350781485	1	4.37465401222422	12.9610724450072	1	2.06093854011371	4.32035748166907	0.083964478103106	4.23639300356597	2.17048985614789	4.23639300356597
ENST00000296350	0.027278103312283	1	4.87312227968756	14.5898158941177	1	2.0209753025374	4.86327196470591	0.296557789130165	4.56671417557574	2.13546668666796	4.56671417557574
ENST00000296402	0.0492154972665596	1	3.8679876467614	12.8200141710122	1	1.07946994574862	4.27333805700407	1.6806243831555	2.59271367384857	1.45921651305294	2.59271367384857
ENST00000297350	0.00214226681379577	1	9.4234621143239	2.46874015335736	1	5.3023538199929	0.822913384452454	0.0438912335193337	0.779022150933119	0.0797666776229222	0.779022150933119
ENST00000298159	0.0277938664781375	1	4.84080817828701	10.0245625023599	1	0.889867781786277	3.34152083411996	0.224827011716898	3.11669382240306	1.45337623119469	3.11669382240306
ENST00000300289	0.0232929038959258	1	5.14652790016424	10.9670682549905	1	0.9624679635163	3.65568941833017	0.331728450386819	3.32396096794335	1.46353358196445	3.32396096794335
ENST00000300291	0.0458455775139986	1	3.98725933905249	9.14817160413367	1	0.813188665223991	3.04939053471122	0.384607552384233	2.66478298232699	1.44303111285813	2.66478298232699
ENST00000301653	0.0224571316467172	1	5.21001572121696	11.9959994357733	1	1.73394498038492	3.9986664785911	0.150842630832207	3.8478238477589	1.79092883028301	3.8478238477589
ENST00000301727	0.0327521897097193	1	4.55868615159208	10.321522559844	1	0.895250059376449	3.440507519948	0.394342252920956	3.04616526702704	1.45410287546764	3.04616526702704
ENST00000302558	0.0461687853825145	1	3.9754255701332	12.1362730996495	1	0.99998907941079	4.04542436654983	1.22878414930754	2.81664021724229	1.46474839005495	2.81664021724229
ENST00000303887	0.0408353535907167	1	4.18283436134841	14.3884370085166	1	1.13342642955059	4.79614566950553	1.65596705760568	3.14017861189985	1.4579505668586	3.14017861189985
ENST00000304141	0.0138392787293106	1	6.05853060314862	2.10402956982077	1	4.00235999755122	0.701343189940255	0.0269738322162505	0.674369357724005	0.256685097548607	0.674369357724005
ENST00000305963	0.0473864182779796	1	3.93161493360809	8.65307725591496	1	0.770274718748739	2.88435908530499	0.224721470071666	2.65963761523332	1.43651447943174	2.65963761523332
ENST00000306077	0.034284471051621	1	4.48046105297974	0.712725248292225	1	4.78770013195868	0.237575082764075	0.0204395578618858	0.217135524902189	0.1130997098834	0.217135524902189
ENST00000306764	0.0365292133453548	1	4.3722273803928	13.1712818191364	1	1.12014531631074	4.39042727304547	1.45634864587845	2.93407862716702	1.4576148488162	2.93407862716702
ENST00000307662	0.00524337798063716	1	7.79352561070902	5.07260010578527	1	4.39942557212862	1.69086670192842	0.0183409862005737	1.67252571572785	0.163836294898628	1.67252571572785
ENST00000308234	0.00742850758078578	1	7.16631835452953	22.2708581034893	1	1.65371501059847	7.42361936782977	0.868270049207221	6.55534931862255	1.71123050411357	6.55534931862255
ENST00000310653	0.0320303213018166	1	4.59687330000178	16.4789427475585	1	2.15118885218984	5.49298091585282	1.08776592792394	4.40521498792888	2.20593926629438	4.40521498792888
ENST00000311890	0.00295483937500378	1	8.83514638246584	23.4379544638261	1	1.72729883595208	7.81265148794203	0.0296990302779978	7.78295245766403	1.78471978661408	7.78295245766403
ENST00000314262	0.0147810024507943	1	5.94238518877378	13.8973326000729	1	1.16681015331169	4.63244420002429	0.595337097555805	4.03710710246848	1.46157630156758	4.03710710246848
ENST00000316793	0.00923186513663608	1	6.77741195980273	2.05804520638232	1	4.75022954700823	0.686015068794108	0.0174593076859722	0.668555761108135	0.116799172078648	0.668555761108135
ENST00000317459	0.0390473172583402	1	4.25880775201254	9.66107666708059	1	0.859641692294658	3.22035888902687	0.42649198465135	2.79386690437552	1.44935419990124	2.79386690437552
ENST00000318008	0.0106415821156645	1	6.52420973542481	1.01366832821913	1	5.89573296328018	0.337889442739709	0.0241176442735273	0.313771798466182	0.0684150828502259	0.313771798466182
ENST00000318160	0.0192596945637605	1	5.47778086057986	10.461375534993	1	0.924042381964252	3.487125178331	0.0315057279215595	3.45561945040944	1.45811712214479	3.45561945040944
ENST00000318948	0.0222935422206575	1	5.22272875489613	16.9404589446556	1	1.36438109315131	5.64681964821853	1.7017709161331	3.94504873208544	1.46843084133042	3.94504873208544
ENST00000320307	0.0256739958450513	1	4.97784156806493	14.6045417047874	1	1.16757774613931	4.86818056826246	1.16474527741241	3.70343529085005	1.46169087701811	3.70343529085005
ENST00000320399	0.0133956537125761	1	6.11609322940596	17.6633231023424	1	1.37272402989334	5.88777436744748	1.01366587285964	4.87410849458785	1.47044928903843	4.87410849458785
ENST00000320492	0.0122927256115136	1	6.26815244378972	18.3977691743363	1	1.34995085428894	6.13258972477877	0.705724003112499	5.42686572166627	1.4657402290389	5.42686572166627
ENST00000323345	0.0462258148356633	1	3.97334658632907	0.408726371412549	1	6.01302261519663	0.136242123804183	0.0034727751221061	0.132769348682077	0.0686713915173185	0.132769348682077
ENST00000324822	0.0273677612043124	1	4.86745954881998	16.5481869912766	1	1.31672496254195	5.51606233042553	1.82224365868156	3.69381867174397	1.46269990593301	3.69381867174397
ENST00000326317	0.0182532587914757	1	5.57167814509507	13.9316521006106	1	1.16697523352583	4.64388403353686	0.809103311894682	3.83478072164218	1.4616011514341	3.83478072164218
ENST00000327787	0.0323303995454569	1	4.58089100398315	12.18016914848	1	1.03929941711537	4.06005638282668	0.956148361166789	3.10390802165989	1.46252285436262	3.10390802165989
ENST00000329841	0.0293803224255532	1	4.745189215649	18.157135911259	1	2.49353199129147	6.05237863708632	0.675085849844706	5.37729278724162	1.83413340793335	5.37729278724162
ENST00000330688	0.0186770199320737	1	5.53150626747587	16.4466427453167	1	1.48737650059314	5.48221424843889	1.27152031453708	4.21069393390181	1.53799170263261	4.21069393390181
ENST00000334705	0.0276218072570008	1	4.85151836623576	10.1793340918823	1	0.899146048994163	3.39311136396075	0.253149582886685	3.13996178107407	1.4546324837532	3.13996178107407
ENST00000336126	0.0228450892493782	1	5.18024599906933	15.425892414225	1	1.21305362900489	5.14196413807499	1.17540092409427	3.96656321398071	1.46479852683867	3.96656321398071
ENST00000336292	0.0101504044383869	1	6.60830830784603	15.495533589785	1	1.21803231762877	5.16517786326168	0.290395801075012	4.87478206218667	1.46479792960297	4.87478206218667
ENST00000336643	0.0137876131074413	1	6.06513607273118	21.3955625379907	1	1.7069976427706	7.13185417933022	1.55078947052431	5.58106470880591	1.76596531770995	5.58106470880591
ENST00000336648	0.0292775234551896	1	4.75122040187749	11.861950331588	1	1.02552551697582	3.95398344386265	0.793909269468924	3.16007417439373	1.46355171797561	3.16007417439373
ENST00000337147	0.0144718036114795	1	5.97965856009212	16.5697644744751	1	1.70047055028623	5.52325482482503	0.677002192418989	4.84625263240604	1.7596543696915	4.84625263240604
ENST00000337910	0.0308437849847886	1	4.66163624427697	15.809633912839	1	1.28533798776393	5.26987797094632	1.89739396743731	3.37248400350901	1.46261718915491	3.37248400350901
ENST00000338086	0.0194992444694446	1	5.45617875128017	12.6494346198854	1	1.08473626318294	4.21647820662846	0.590031663027948	3.62644654360051	1.45885005109172	3.62644654360051
ENST00000338448	0.0148782133555327	1	5.93083227635962	18.1679494926963	1	1.86398408064109	6.05598316423209	0.88637290340739	5.1696102608247	1.94300651941782	5.1696102608247
ENST00000339093	0.0471694222677058	1	3.93933493401513	9.26528508563064	1	0.933249108867526	3.08842836187688	0.599750097386081	2.4886782644908	1.45946359678347	2.4886782644908
ENST00000343218	0.0075908517634026	1	7.12754672222064	1.71261789008427	1	4.94506108450501	0.57087263002809	0.069047453134096	0.501825176893994	0.0997332344975295	0.501825176893994
ENST00000343529	0.00911725383230026	1	6.79971277942028	29.2394895571104	1	1.79013110757038	9.74649651903681	0.192174824373249	9.55432169466356	1.85070494401915	9.55432169466356
ENST00000343815	0.0260217667056812	1	4.95457191652105	17.024561259129	1	1.35854917710791	5.67485375304299	1.89900789033747	3.77584586270552	1.46722697186592	3.77584586270552
ENST00000344256	0.0331161548803781	1	4.5397641272678	14.5083726718895	1	1.21113137209062	4.83612422396316	1.71537461594847	3.12074960801469	1.46478521457919	3.12074960801469
ENST00000344579	0.00659197144700125	1	7.38091253149434	16.7051250304509	1	1.34629513933102	5.56837501015031	0.310254514235017	5.2581204959153	1.46520572905989	5.2581204959153
ENST00000344730	0.0172078058959362	1	5.67505443465056	18.5540309295896	1	1.36938226140061	6.18467697652988	1.2206730870898	4.96400388944008	1.46959747687378	4.96400388944008
ENST00000344849	0.0482318113284903	1	3.90189027470452	15.6216443018387	1	1.18102960592367	5.20721476727955	2.14443987193601	3.06277489534354	1.4633172097921	3.06277489534354
ENST00000344956	0.0229402491415295	1	5.17302396891374	14.7131208987412	1	1.19336546787898	4.90437363291372	1.1391838834729	3.76518974944081	1.46423841562297	3.76518974944081
ENST00000347027	0.0169459667273014	1	5.70196128013199	19.0767047706797	1	1.48141973204125	6.35890159022656	1.63958199844029	4.71931959178627	1.53292518118413	4.71931959178627
ENST00000348141	0.0471429893152192	1	3.94027788938091	11.2169311844921	1	0.978500379003795	3.73897706149735	1.15657011993323	2.58240694156412	1.46460096577351	2.58240694156412
ENST00000349780	0.0404993549182743	1	4.19684107772666	12.8391611591459	1	1.0980274660835	4.27972038638196	1.4947722655611	2.78494812082086	1.45809696206617	2.78494812082086
ENST00000354753	0.0248328665301553	1	5.03550355196459	15.7532644588413	1	1.28408417352635	5.2510881529471	1.5846279189002	3.66646023404689	1.46264929591662	3.66646023404689
ENST00000356005	0.0474911566763949	1	3.92790201954729	2.22720148065308	1	8.42811992372359	0.742400493551026	0.110461872579231	0.631938620971795	0.464267497270176	0.631938620971795
ENST00000357033	0.0142667225405411	1	6.00483569081181	19.0546181011299	1	2.28209747315885	6.3515393670433	0.880028135636562	5.47151123140673	2.12865164861919	5.47151123140673
ENST00000357599	0.0460021481278719	1	3.98151580113945	11.5222901103393	1	0.985824073882293	3.84076337011309	1.1604714694702	2.68029190064289	1.46479910763909	2.68029190064289
ENST00000357867	0.00126383203129265	1	10.3946171243732	38.7713226005281	1	2.41320865960191	12.923774200176	0.0718966062878439	12.8518775938882	1.96306628836178	12.8518775938882
ENST00000358278	0.011316957617554	1	6.41485487964862	0.952408938396615	1	6.41339702633937	0.317469646132204	0.0394601593629283	0.278009486769277	0.0755686703743147	0.278009486769277
ENST00000358918	0.0132541491218308	1	6.13486734286153	1.32196392163098	1	4.60500453787203	0.440654640543661	0.0840690590261262	0.356585581517535	0.133322631010752	0.356585581517535
ENST00000361311	0.0383024690434528	1	4.29153947282922	21.2507040963933	1	1.57208953374433	7.08356803213108	3.34030419159501	3.74326384053607	1.62160477371138	3.74326384053607
ENST00000361409	0.0469181233728198	1	3.94832225816769	11.5588158263444	1	0.95362944449007	3.85293860878146	1.04214415421	2.81079445457146	1.46252320749441	2.81079445457146
ENST00000361507	0.0259092120305815	1	4.96206750600923	19.0883850823347	1	1.47974814126145	6.36279502744488	2.28185643014325	4.08093859730164	1.53152789553218	4.08093859730164
ENST00000367162	0.0221746596639472	1	5.2320282695335	14.2141978628412	1	1.16227696654454	4.73806595428041	0.984783559881203	3.7532823943992	1.46085331955965	3.7532823943992
ENST00000367186	0.0265139544729396	1	4.92218563962323	17.586922860057	1	1.40212136002952	5.86230762001899	2.08054800545535	3.78175961456364	1.48073439724037	3.78175961456364
ENST00000367385	0.00550646247816222	1	7.70511303840594	2.50836136221957	1	4.41204303508466	0.83612045407319	0.0503576780877025	0.785762775985487	0.16168293410079	0.785762775985487
ENST00000367467	0.0187496006006904	1	5.52472027138239	0.779375176938985	1	4.58958027236325	0.259791725646328	0.0185723755856763	0.241219350060652	0.135300892568509	0.241219350060652
ENST00000368073	0.0455169189299825	1	3.99938316261329	12.9271267057167	1	1.09679179508134	4.30904223523889	1.65036652726012	2.65867570797877	1.45815477311265	2.65867570797877
ENST00000368074	0.0391887548127223	1	4.25266640901948	15.6827069918781	1	1.62699771437649	5.2275689972927	2.09942665767633	3.12814233961637	1.68198438957709	3.12814233961637
ENST00000368465	0.0140940059191864	1	6.02633018386302	24.048101663749	1	1.76429605500809	8.01603388791632	1.92421846384377	6.09181542407255	1.82173025978682	6.09181542407255
ENST00000368875	0.01588236081208	1	5.81585164257966	14.3332649499514	1	1.19731564621627	4.77775498331713	0.769149836743568	4.00860514657356	1.4644327415627	4.00860514657356
ENST00000369047	0.00782707750018064	1	7.07261870573335	16.4387539196052	1	1.32376918836015	5.4795846398684	0.400896406369483	5.07868823349891	1.46303577396282	5.07868823349891
ENST00000369534	0.0262515762805721	1	4.93937178082206	10.5212766908385	1	0.925274225499072	3.5070922302795	0.304556579152006	3.20253565112749	1.45829516817522	3.20253565112749
ENST00000369750	0.0254224610181585	1	4.99487695491028	14.2238548666409	1	1.84743502710363	4.74128495554696	0.694523613010738	4.04676134253622	1.92149409621815	4.04676134253622
ENST00000369755	0.0376202999171679	1	4.32210757698466	12.277087740781	1	1.01360045596593	4.09236258026035	1.02292282308659	3.06943975717376	1.46425528536264	3.06943975717376
ENST00000370187	0.0287497905144437	1	4.78253367213412	14.8978896839008	1	1.32523283908601	4.96596322796695	1.64182053338293	3.32414269458402	1.46312400519778	3.32414269458402
ENST00000370803	0.0298853238540823	1	4.71587665894469	11.0280918364367	1	0.967002763076001	3.67603061214557	0.592260730499877	3.0837698816457	1.46393066354532	3.0837698816457
ENST00000371072	0.029859629880377	1	4.71735555153421	12.1430926770058	1	1.04074835453345	4.04769755900194	0.872150350882008	3.17554720811993	1.46240542681236	3.17554720811993
ENST00000371250	0.00712474054084824	1	7.24124887156338	1.32048981540615	1	4.96860475185585	0.440163271802051	0.0248671941287062	0.415296077673345	0.0980074137068481	0.415296077673345
ENST00000371374	0.00371476081683288	1	8.41823574422803	21.4465402934694	1	1.61981067122388	7.14884676448981	0.182515876545917	6.96633088794389	1.6740374604167	6.96633088794389
ENST00000371486	0.042186845698262	1	4.12769218416851	10.8867654840166	1	0.953199093662814	3.62892182800553	0.911648790503231	2.7172730375023	1.46246564699286	2.7172730375023
ENST00000371655	0.00595773867426596	1	7.5630407331954	0.973591772289243	1	5.40394064220486	0.324530590763081	0.00727813936142814	0.317252451401653	0.0761569288444525	0.317252451401653
ENST00000371711	0.0269916914678827	1	4.89134239433006	1.11030972779764	1	4.1339203498155	0.370103242599212	0.0226765206926834	0.347426721906529	0.219792621148811	0.347426721906529
ENST00000371917	0.0316316878407374	1	4.618348055704	14.2047696582819	1	1.19178903770996	4.73492321942729	1.57062910566518	3.16429411376211	1.4641479523946	3.16429411376211
ENST00000372310	0.0204907726379212	1	5.36959177364714	13.5080732994778	1	1.10680760082346	4.50269109982594	0.68092035975302	3.82177074007292	1.45777196518224	3.82177074007292
ENST00000372397	0.0145824775356831	1	5.96622361555472	14.5646563596097	1	1.52837734268713	4.85488545320323	0.519938869306995	4.33494658389623	1.5761481415295	4.33494658389623
ENST00000372792	0.00409449388337261	1	8.24142656028502	28.8690428351453	1	1.99324113144253	9.62301427838177	0.585050134027172	9.0379641443546	2.10622077495873	9.0379641443546
ENST00000372970	0.0302661107144068	1	4.69411335576306	10.3064590125423	1	1.0282212749855	3.43548633751408	0.433600995655536	3.00188534185855	1.4633654765833	3.00188534185855
ENST00000374026	0.0237076846837576	1	5.11589133511383	15.6887394718531	1	1.27818075358884	5.22957982395105	1.50038100787312	3.72919881607793	1.46282444928998	3.72919881607793
ENST00000374040	0.0403836350251081	1	4.20169333506973	10.0033623910913	1	0.884456357023614	3.33445413036376	0.566801048702106	2.76765308166165	1.45265051198216	2.76765308166165
ENST00000374810	0.0441296565733942	1	4.0515940212269	9.80535677138823	1	0.872331380490187	3.26845225712941	0.607434506487475	2.66101775064194	1.45103650379226	2.66101775064194
ENST00000375408	0.0106392084637415	1	6.52460650169802	15.1673695701128	1	1.23227549524878	5.05578985670426	0.446194142992266	4.60959571371199	1.46456151235652	4.60959571371199
ENST00000376468	0.0420048132185604	1	4.13501024462951	14.7904583700576	1	2.33924030994151	4.93015279001919	0.0574528195930001	4.87269997042619	2.06486521512967	4.87269997042619
ENST00000376839	0.0118048285924222	1	6.33994884437806	25.257377348583	1	1.7922375965518	8.41912578286101	1.65059780195793	6.76852798090308	1.85316354748462	6.76852798090308
ENST00000378330	0.0216518488685461	1	5.27354719974659	18.9330165257571	1	2.06762547069645	6.3110055085857	1.30124656808245	5.00975894050324	2.17536953835901	5.00975894050324
ENST00000378344	0.00368533955477887	1	8.43269391663031	18.2292556118774	1	1.44108494537498	6.07641853729247	0.0147023010359346	6.06171623625653	1.50251438885561	6.06171623625653
ENST00000378470	0.0325474393665861	1	4.56942756977054	10.4488976474694	1	0.921921796386488	3.4829658824898	0.501141386989726	2.98182449550007	1.45781205323389	2.98182449550007
ENST00000379214	0.0115056408655227	1	6.38549903141621	18.384654514242	1	1.41357846080991	6.12821817141399	0.925531443720672	5.20268672769332	1.48625572188605	5.20268672769332
ENST00000379400	0.0199036624869966	1	5.4203243192031	21.3517349094988	1	1.34630736383395	7.11724496983294	0.403457700110851	6.71378726972208	1.4652074236592	6.71378726972208
ENST00000379802	0.000902995362408006	1	11.0166002463592	8.53346116720023	1	5.4603246789957	2.84448705573341	0.193744644188113	2.6507424115453	0.0744828535381147	2.6507424115453
ENST00000379845	0.0487010706058706	1	3.88562714102689	11.0715172811003	1	0.970538782055535	3.69050576036677	1.16043412744127	2.5300716329255	1.46418659313956	2.5300716329255
ENST00000379904	0.0424927337701051	1	4.11546931543912	9.57157544613468	1	0.836332577791362	3.19052514871156	0.410309070714201	2.78021607799736	1.44623596115604	2.78021607799736
ENST00000380361	0.0240408161177652	1	5.09168542322342	14.2637097569137	1	1.14745142107136	4.75456991897124	1.00669332834124	3.74787659063	1.45894913333162	3.74787659063
ENST00000380584	0.00313894539830269	1	8.72489271698873	28.0878614998109	1	1.9567306343329	9.36262049993696	0.255453139068299	9.10716736086867	2.0632087768348	9.10716736086867
ENST00000381679	0.0280058519233719	1	4.82770714978683	15.4872425058433	1	1.25525607303758	5.16241416861443	1.64066139569892	3.52175277291551	1.46372622511668	3.52175277291551
ENST00000381879	0.0299126429607032	1	4.71430567952615	10.1596318085874	1	0.895436254248432	3.38654393619581	0.312222781998033	3.07432115419778	1.45412811250695	3.07432115419778
ENST00000382293	0.0285802345194809	1	4.79272152493251	15.8416735566324	1	1.44995467981073	5.2805578522108	1.56798738393329	3.71257046827751	1.50857479312632	3.71257046827751
ENST00000382422	0.0263085408150337	1	4.9356253986517	17.741175908901	1	1.40978554748753	5.91372530296701	2.08503712920301	3.828688173764	1.48433479598742	3.828688173764
ENST00000388712	0.0173230773513579	1	5.66334266638103	13.9971939542508	1	1.18122943454332	4.66573131808361	0.7216224431845	3.94410887489911	1.46333622635485	3.94410887489911
ENST00000389858	0.0100119238873436	1	6.63277380081821	21.4718865310321	1	1.62264891532698	7.15729551034402	1.21834268855467	5.93895282178935	1.67717763953345	5.93895282178935
ENST00000391857	0.0425159218891863	1	4.11454652432526	0.580321484104441	1	6.30906666849639	0.19344049470148	0.00500479293129541	0.188435701770185	0.0728280037287241	0.188435701770185
ENST00000392445	0.0255554774776001	1	4.98584661566857	14.4935269478877	1	1.19351009822331	4.8311756492959	1.28859263927404	3.54258301002186	1.46424633902201	3.54258301002186
ENST00000392531	0.0061288843570479	1	7.51201280557611	14.8516489463984	1	1.22851785009366	4.95054964879945	0.0180577619730493	4.93249188682641	1.46465294513526	4.93249188682641
ENST00000392537	0.0192037629421668	1	5.48286464595195	23.9231655235206	1	1.72382115213979	7.97438850784019	2.36340826494509	5.61098024289511	1.78155374907758	5.61098024289511
ENST00000393028	0.00832273092195231	1	6.96267929833806	20.9770240265731	1	1.56373405776492	6.99234134219102	0.845163480336632	6.14717786185439	1.61264187567281	6.14717786185439
ENST00000393324	0.030229281666389	1	4.69620576447006	10.8948746102735	1	0.95096873328914	3.63162487009118	0.539011767333747	3.09261310275743	1.46215440948318	3.09261310275743
ENST00000393623	0.0157127401816386	1	5.83473903840566	17.0278022106042	1	1.36078214461209	5.67593407020141	1.22050495182101	4.4554291183804	1.46766855825745	4.4554291183804
ENST00000393713	0.0484503309246714	1	3.89429635150402	11.3302594185293	1	0.827250884737418	3.77675313950977	0.478044867778557	3.29870827173121	1.44499600446451	3.29870827173121
ENST00000394053	0.0156115648431193	1	5.84610529468709	13.5903242531695	1	1.14755883296779	4.53010808438983	0.587038679552221	3.94306940483761	1.45895963166279	3.94306940483761
ENST00000394426	0.00936721208499145	1	6.75143872736235	16.7116796415421	1	1.34578416598846	5.57055988051404	0.624759498738556	4.94580038177549	1.46513544416936	4.94580038177549
ENST00000394908	0.0212222832778747	1	5.30844557736603	17.8809057505264	1	1.4165357068653	5.96030191684214	1.78673451492317	4.17356740191898	1.48780947614655	4.17356740191898
ENST00000395325	0.0479943545086053	1	3.91018357446601	9.85216873384439	1	0.876216045601171	3.2840562446148	0.715429772661948	2.56862647195285	1.45155229797942	2.56862647195285
ENST00000395334	0.0320833885011969	1	4.59403557354528	16.8547533188705	1	1.35769548262552	5.61825110629016	2.22883962170972	3.38941148458044	1.46706435453135	3.38941148458044
ENST00000397410	0.0227850093510561	1	5.18482175644986	13.6000309755159	1	1.15383355600856	4.5333436585053	0.996605164348216	3.53673849415708	1.4596540020417	3.53673849415708
ENST00000397712	0.0486745232626065	1	3.88654277050209	11.1652614903999	1	0.977569758838724	3.7217538301333	1.19166833609956	2.53008549403373	1.46456361150954	2.53008549403373
ENST00000398460	0.0247929721542001	1	5.03828859003882	11.0028896029377	1	0.90080230020295	3.66762986764591	0.110402282505089	3.55722758514082	1.45485866753935	3.55722758514082
ENST00000398755	0.0227263912838334	1	5.18929824725748	11.6922951471381	1	0.998704986095093	3.8974317157127	0.422817972339124	3.47461374337358	1.46477418716236	3.47461374337358
ENST00000399423	0.00725582301824378	1	7.20852177312532	16.4408869084229	1	1.33353308570479	5.48029563614095	0.375193977051391	5.10510165908956	1.46375499251636	5.10510165908956
ENST00000399440	0.019475933817163	1	5.45826877538807	12.5071685352338	1	1.06958035454507	4.16905617841125	0.529797121672453	3.6392590567388	1.45997887452902	3.6392590567388
ENST00000399655	0.0333057708248056	1	4.52999213338616	10.239137806857	1	0.871924215538765	3.41304593561901	0.309790758888514	3.1032551767305	1.45098248792612	3.1032551767305
ENST00000400199	0.0310438397930868	1	4.65053670621147	13.1106475957126	1	1.10246417148066	4.37021586523755	1.16649479609026	3.20372106914728	1.45791316533106	3.20372106914728
ENST00000402627	0.0384959685876746	1	4.28297254984652	9.0324341145915	1	0.778800648770622	3.0108113715305	0.0645489076488081	2.94626246388169	1.43788756389389	2.94626246388169
ENST00000403059	0.0142577776720319	1	6.00594228429477	19.9953873979195	1	1.63561346363693	6.66512913263983	1.45093234149927	5.21419679114056	1.69148072483007	5.21419679114056
ENST00000404049	0.0108844890571661	1	6.48407947596949	18.0423150359324	1	1.42600110078675	6.01410501197748	0.954927394222685	5.0591776177548	1.49310473949939	5.0591776177548
ENST00000405646	0.0457503859926556	1	3.99076139666338	10.6241472855645	1	1.27454447359997	3.54138242852151	1.13035207741007	2.41103035111144	1.46294913641443	2.41103035111144
ENST00000407904	0.0175050733784624	1	5.64501430426263	15.3580217774236	1	1.24124499250473	5.11934059247453	0.985487477019181	4.13385311545535	1.46427958266142	4.13385311545535
ENST00000407969	0.048288799209817	1	3.89990635525018	13.1190751246478	1	1.10613457101551	4.37302504154927	1.62878666598602	2.74423837556326	1.45779119385328	2.74423837556326
ENST00000408038	0.0340455620998915	1	4.49241440536533	14.4927173071808	1	1.20381215757095	4.83090576906026	1.72191304235432	3.10899272670594	1.46465803484784	3.10899272670594
ENST00000408931	0.0451216360442137	1	4.01408742135261	12.0236163492818	1	1.94744734678841	4.00787211642728	0.313496902015858	3.69437521441142	2.05166178879601	3.69437521441142
ENST00000409101	0.00465000196043743	1	8.01076773923048	20.9405030295877	1	1.51905183550761	6.98016767652923	0.0461872593530174	6.93398041717621	1.56701564188327	6.93398041717621
ENST00000409991	0.049615088013278	1	3.85441967280663	10.5300673859032	1	0.920800294276273	3.51002246196774	0.958178476057393	2.55184398591035	1.45765142682737	2.55184398591035
ENST00000411767	0.038105581222739	1	4.30030309877748	14.2806792128831	1	1.34393217102625	4.76022640429436	1.88682653675671	2.87339986753765	1.46488958655814	2.87339986753765
ENST00000412735	0.0442727388740148	1	4.04612963641585	9.27432436170502	1	0.804983346811214	3.09144145390167	0.313878975085576	2.7775624788161	1.44185287299224	2.7775624788161
ENST00000413364	0.0210177629658095	1	5.32531884885995	19.6994819792406	1	1.4388033209874	6.56649399308019	1.72423917706619	4.842254816014	1.50101719380385	4.842254816014
ENST00000413566	0.0441428470781083	1	4.05108948951329	9.43674736298992	1	0.819037174326096	3.14558245432997	0.373035823831265	2.77254663049871	1.44385589108118	2.77254663049871
ENST00000415149	0.0298539851123157	1	4.71768063049297	14.5059208276033	1	1.21808336384118	4.83530694253442	1.56552314182335	3.26978380071107	1.46479767516847	3.26978380071107
ENST00000415933	0.0447094637165179	1	4.02956514457812	19.3878178657946	1	2.41074622147416	6.46260595526487	2.45476895097502	4.00783700428986	1.96675070362124	4.00783700428986
ENST00000416195	0.0145169288415092	1	5.97416798452669	13.3467839755378	1	1.13316001342248	4.44892799184594	0.472520161930222	3.97640782991572	1.4579383553601	3.97640782991572
ENST00000416373	0.0299042563603811	1	4.71478779011187	18.2905990738742	1	1.44491098055518	6.09686635795807	2.42366069423234	3.67320566372573	1.50508224796786	3.67320566372573
ENST00000417268	0.022516006625877	1	5.20546383369203	17.1989705953968	1	1.40424159846003	5.7329901984656	1.75818708449041	3.97480311397519	1.48168940129666	3.97480311397519
ENST00000418664	0.00874037785010661	1	6.8751222502481	26.3323105290887	1	2.80521289225475	8.77743684302956	1.3890045828749	7.38843226015466	1.27333122479803	7.38843226015466
ENST00000425490	0.0228140288338676	1	5.18261003836155	11.756701536259	1	1.27905056088663	3.91890051208634	0.676448100429153	3.24245241165719	1.46279636961876	3.24245241165719
ENST00000425898	0.0495348496926972	1	3.85713485558691	9.466614013339	1	0.768530374406538	3.15553800444634	0.263810764050486	2.89172724039585	1.43622787015884	2.89172724039585
ENST00000428984	0.0459500665664726	1	3.98342403900592	11.9598352225281	1	1.02851805346373	3.98661174084269	1.34777304666264	2.63883869418006	1.46334445499293	2.63883869418006
ENST00000429716	0.0319116457839603	1	4.6032371745121	13.9513888185619	1	1.1427943122779	4.65046293952065	1.34823969963569	3.30222323988495	1.45853711460388	3.30222323988495
ENST00000430260	0.00872480863248523	1	6.87830869931579	15.5338898521078	1	1.2735710095575	5.17796328403594	0.402206786661205	4.77575649737473	1.46298432518854	4.77575649737473
ENST00000430362	0.0319476212093091	1	4.60130541763478	11.1225414797681	1	0.938922437461311	3.70751382658935	0.535107156607891	3.17240666998146	1.46031279699527	3.17240666998146
ENST00000430767	0.0294141825817161	1	4.74320746111015	15.3659295963333	1	1.26659195979506	5.12197653211109	1.75928964679993	3.36268688531116	1.46325400987831	3.36268688531116
ENST00000430954	0.0244630002349391	1	5.06150395405115	15.1527786680224	1	1.23921273101176	5.05092622267415	1.40355864504966	3.64736757762449	1.46435015774687	3.64736757762449
ENST00000431960	0.0339605731819482	1	4.49668781610607	15.5463648031307	1	1.26858898908236	5.18212160104356	1.9729256371402	3.20919596390336	1.46317417801091	3.20919596390336
ENST00000432072	0.0278162275873853	1	4.83942133094571	2.9767471831563	1	7.45093006623527	0.992249061052099	0.0479118716540289	0.944337189398071	0.158819507232791	0.944337189398071
ENST00000434046	0.0486809722273065	1	3.88632029441963	4.73240309704964	1	3.75661313230353	1.57746769901655	0.296152283059554	1.28131541595699	0.347647296425648	1.28131541595699
ENST00000434715	0.0250857514249092	1	5.01795690653341	16.1786887598542	1	1.31748838205789	5.39289625328474	1.71713518080187	3.67576107248287	1.46272949196794	3.67576107248287
ENST00000437340	0.0262220121173111	1	4.94131945625603	10.8535189855628	1	0.9495759602366	3.61783966185425	0.393635148748346	3.22420451310591	1.46194892402668	3.22420451310591
ENST00000438257	0.0108381775072855	1	6.49165919075107	10.1333450439635	1	3.2427367874039	3.37778168132116	0.419531508584568	2.95825017273659	0.681625277683345	2.95825017273659
ENST00000439502	0.0406197255204111	1	4.19180923149515	9.41394378877106	1	0.832083227025459	3.13798126292369	0.347084392737738	2.79089687018595	1.44565817495074	2.79089687018595
ENST00000439576	0.00829848501751619	1	6.96789954616083	18.1923725256523	1	1.4394778020778	6.06412417521744	0.703832825295212	5.36029134992222	1.50145710679452	5.36029134992222
ENST00000440944	0.027398237902178	1	4.86553905441046	14.4470575213186	1	1.22050458570445	4.81568584043954	1.45184344587213	3.36384239456741	1.46478016278212	3.36384239456741
ENST00000442459	0.0443540772603687	1	4.04303156318714	9.57755714183432	1	0.808018607091809	3.19251904727811	0.327797987713583	2.86472105956452	1.44229178661003	2.86472105956452
ENST00000444334	0.0264581166505567	1	4.92582824534577	12.143066015112	1	1.04588069834151	4.04768867170401	0.761081324615015	3.28660734708899	1.46198030283436	3.28660734708899
ENST00000445912	0.0217541649183306	1	5.26534064543172	18.5877060719324	1	1.45433541923291	6.19590202397747	1.92943685562215	4.26646516835532	1.51170511054227	4.26646516835532
ENST00000446033	0.0295778826809687	1	4.73365987825411	12.743884474667	1	1.09127084708439	4.24796149155567	1.06846884600162	3.17949264555406	1.45844535515397	3.17949264555406
ENST00000446488	0.0300064087670862	1	4.70892504599382	11.2276762877404	1	0.977780091149418	3.74255876258012	0.636347731575962	3.10621103100416	1.46457230285977	3.10621103100416
ENST00000447759	0.0301546749614953	1	4.70045263097752	15.948159678512	1	1.22741982485465	5.31605322617067	1.59737962895904	3.71867359721164	1.46467611786501	3.71867359721164
ENST00000448464	0.0250632201280707	1	5.019512792122	12.8998075458107	1	1.39765477944825	4.29993584860357	1.00923100265554	3.29070484594804	1.47882259147244	3.29070484594804
ENST00000449375	0.03901084184167	1	4.26039533116509	12.2087551246219	1	1.00331577561558	4.06958504154064	1.02382553217442	3.04575950936623	1.46466381282104	3.04575950936623
ENST00000457167	0.0363737635271991	1	4.37949542822377	12.6674852431207	1	1.11094736664554	4.22249508104022	1.32653155996801	2.89596352107221	1.45767626809896	2.89596352107221
ENST00000458141	0.018370902606148	1	5.56042988939794	19.2969232314948	1	1.83445015713012	6.43230774383161	0.874829456629233	5.55747828720238	1.90486301485838	5.55747828720238
ENST00000458420	0.0199825153179876	1	5.41342128207773	19.649545476243	1	2.22961957457247	6.54984849208101	0.102096301658185	6.44775219042283	2.17336566133057	6.44775219042283
ENST00000459929	0.0378959928853298	1	4.30968433708684	16.4021670512361	1	1.13785534507507	5.46738901707869	1.45796136046366	4.00942765661503	1.45818904779145	4.00942765661503
ENST00000461988	0.0313748598622221	1	4.6323337090609	13.0304424971837	1	1.09131325195098	4.34348083239458	1.04986790541099	3.29361292698359	1.45844293326149	3.29361292698359
ENST00000463310	0.0130916473474435	1	6.15668316044181	17.3634413068783	1	1.36474982461798	5.78781376895944	0.985549269690826	4.80226449926862	1.46851253843821	4.80226449926862
ENST00000464592	0.0388250037744736	1	4.26850811032207	11.2666178727633	1	0.97955478314785	3.75553929092111	0.927850324098061	2.82768896682305	1.46463987773274	2.82768896682305
ENST00000468024	0.0338168870841184	1	4.50393811997994	14.0878323696472	1	1.18276794055641	4.69594412321572	1.62542542307389	3.07051870014183	1.46347790540077	3.07051870014183
ENST00000470161	0.0342828503183477	1	4.48054184962366	10.7036246088221	1	0.941483451924322	3.56787486960738	0.63355392781691	2.93432094179047	1.46070143540973	2.93432094179047
ENST00000474024	0.0143717770696527	1	5.99189229476312	0.711409662842087	1	5.36488805892771	0.237136554280696	0.0103195397489514	0.226817014531744	0.0774516302951477	0.226817014531744
ENST00000474036	0.0474500421002274	1	3.9293584760959	10.0160716946757	1	1.01800908373653	3.3386905648919	0.795799275630273	2.54289128926163	1.46402046210529	2.54289128926163
ENST00000475721	0.0473554659718003	1	3.93271383169377	13.6366306516025	1	1.63222429944413	4.54554355053415	1.39788289834644	3.14766065218771	1.68775036396071	3.14766065218771
ENST00000476071	0.0324614732707385	1	4.57395848617251	13.5773671808406	1	1.1327720315214	4.52578906028019	1.35086433491315	3.17492472536704	1.45792099566874	3.17492472536704
ENST00000476662	0.0249575439938908	1	5.0268296268241	16.7139477829348	1	1.93809043918024	5.57131592764492	1.08932485692704	4.48199107071788	2.03983482270748	4.48199107071788
ENST00000477661	0.0335527003678703	1	4.51735319888712	7.21213651055978	1	3.45628374482173	2.40404550351993	0.101341832916595	2.30270367060333	0.512811118637641	2.30270367060333
ENST00000480152	0.036719566831856	1	4.36337139026327	11.9512274855816	1	1.00441125455682	3.98374249519385	0.959447755501073	3.02429473969278	1.4646305547132	3.02429473969278
ENST00000483720	0.0471769867427745	1	3.93906518543157	12.1112433482841	1	1.04396742580146	4.03708111609471	1.45196942996399	2.58511168613072	1.46214025233999	2.58511168613072
ENST00000484447	0.018983617471922	1	5.50302403212462	15.8267797524415	1	1.29030860789558	5.27559325081382	1.25726859202254	4.01832465879128	1.46251036337429	4.01832465879128
ENST00000485273	0.0307925996908226	1	4.66448819343288	11.9221859306579	1	1.00884260212761	3.97406197688596	0.775001277090635	3.19906069979533	1.46447023565363	3.19906069979533
ENST00000486770	0.0470259742462892	1	3.94445893223434	10.985934881339	1	1.20031243153715	3.66197829377967	0.417672280652533	3.24430601312714	1.46455067830491	3.24430601312714
ENST00000486828	0.0330917270082932	1	4.54102728275254	15.0847792700221	1	1.23417769989094	5.02825975667402	1.80245267728476	3.22580707938925	1.4645086321418	3.22580707938925
ENST00000491718	0.026635145187768	1	4.9143070656589	16.8579971784359	1	1.29983567305218	5.61933239281197	1.6904228035213	3.92890958929066	1.46241374032783	3.92890958929066
ENST00000492412	0.0123433727010787	1	6.26086779298375	13.4799468666965	1	1.11553918532223	4.49331562223216	0.228283314078082	4.26503230815407	1.45761822771537	4.26503230815407
ENST00000497037	0.0259682340788295	1	4.95813271763691	12.3220417350727	1	1.6868382131492	4.10734724502422	0.32454244113081	3.78280480389341	1.74606182504329	3.78280480389341
ENST00000503117	0.00561088883639274	1	7.67120776223501	18.2993926423317	1	1.38825415193545	6.09979754744389	0.0990366077903892	6.0007609396535	1.47522449834195	6.0007609396535
ENST00000504968	0.0283928572246107	1	4.804053621968	10.8113018907756	1	0.922005320710418	3.6037672969252	0.351783771555758	3.25198352536945	1.45782403546594	3.25198352536945
ENST00000505074	0.0481636562106926	1	3.90426621029735	9.32429056216841	1	0.809773370208291	3.10809685405614	0.421499345058647	2.68659750899749	1.44254385906013	2.68659750899749
ENST00000505871	0.046243689895886	1	3.97269551520069	8.75087442059625	1	0.785281053372278	2.91695814019875	0.26770750202996	2.64925063816879	1.4389021743112	2.64925063816879
ENST00000507465	0.0278430755312571	1	4.8377577393999	11.7369289535606	1	0.988882495183818	3.91230965118687	0.584382433784075	3.3279272174028	1.46483407321968	3.3279272174028
ENST00000508632	0.0360463234355527	1	4.3949118333526	11.3868652243425	1	0.95534637624496	3.79562174144751	0.733307264371282	3.06231447707623	1.46274493653911	3.06231447707623
ENST00000510158	0.0218936386644035	1	5.25421790291533	13.4648026682394	1	1.14156891963723	4.48826755607981	0.921515009447808	3.566752546632	1.45844241439111	3.566752546632
ENST00000510978	0.0032506728222864	1	8.66114325332504	23.0761163651206	1	1.69288268970816	7.69203878837354	0.0493704960408291	7.64266829233271	1.75215326572284	7.64266829233271
ENST00000513206	0.0416055012847483	1	4.15118078361698	18.0827939594404	1	1.29277256136375	6.02759798648014	2.35717248830221	3.67042549817793	1.46247075101805	3.67042549817793
ENST00000514701	0.0331102002505541	1	4.54007194907536	12.5909523347364	1	0.979855756955854	4.19698411157878	0.693284107062846	3.50370000451594	1.46465032676454	3.50370000451594
ENST00000519100	0.038370813787577	1	4.2885084325214	15.4541136477771	1	1.31182797879869	5.1513712159257	2.19152754096834	2.95984367495736	1.46254694752839	2.95984367495736
ENST00000520164	0.0088034164794343	1	6.8622796651764	13.2285617319773	1	1.1235294972443	4.40952057732577	0.0212608840241806	4.38825969330159	1.45764978511095	4.38825969330159
ENST00000522122	0.0186166428830961	1	5.53717206395772	12.7423348543261	1	1.06777065001372	4.24744495144205	0.458767724254047	3.788677227188	1.46012631159319	3.788677227188
ENST00000522948	0.0125006819662704	1	6.23843601802194	16.2516523776736	1	1.30159807861039	5.41721745922452	0.785902414382657	4.63131504484186	1.4624139404758	4.63131504484186
ENST00000523338	0.0236763043733229	1	5.11818964076139	15.3515832366328	1	1.26306849353148	5.11719441221092	1.45305624157584	3.66413817063508	1.46339848884055	3.66413817063508
ENST00000525053	0.0401366860075817	1	4.21209715858026	15.2257466211773	1	2.3647210121276	5.07524887372575	0.144218452038073	4.93103042168768	2.03200572774392	4.93103042168768
ENST00000526495	0.0474078710860455	1	3.93085373982448	12.6866594400954	1	1.08752853751872	4.2288864800318	1.66260177966739	2.56628470036442	1.45866974708943	2.56628470036442
ENST00000527688	0.00850490479593222	1	6.92394715298925	17.8684600842511	1	1.37073248577846	5.95615336141705	0.479156221819879	5.47699713959717	1.46993453886169	5.47699713959717
ENST00000528057	0.00937083457495181	1	6.75074886002481	16.630874058708	1	1.34435003820528	5.54362468623599	0.628996043015291	4.9146286432207	1.46494385193589	4.9146286432207
ENST00000531387	0.0436731742529093	1	4.06915276440585	12.7941942304208	1	1.09346843876199	4.26473141014026	1.57650165690658	2.68822975323368	1.45832360520158	2.68822975323368
ENST00000533801	0.0170519409946306	1	5.69101994080394	17.0655391790998	1	1.36638003780758	5.68851305969992	1.34273448230665	4.34577857739327	1.46888189143571	4.34577857739327
ENST00000534567	0.0264402754032808	1	4.92699381175209	14.8352716737943	1	1.19289826429247	4.94509055793143	1.31100747830352	3.63408307962791	1.46421239086468	3.63408307962791
ENST00000536461	0.0489144025142493	1	3.87828830566893	11.9632240599904	1	1.02694364536213	3.98774135333012	1.42404428048988	2.56369707284024	1.46345482132653	2.56369707284024
ENST00000537332	0.017253665814211	1	5.67038532355301	15.5596029726353	1	1.27896840327125	5.18653432421176	1.11525543616147	4.07127888805029	1.46279899084878	4.07127888805029
ENST00000537526	0.0357040217974818	1	4.41118543149685	19.919481081201	1	1.53193339506219	6.63982702706701	2.91119522128795	3.72863180577906	1.57969166543932	3.72863180577906
ENST00000537687	0.0179308092491001	1	5.60289648576803	15.3448504444747	1	1.23715244401266	5.11495014815823	0.996180362602568	4.11876978555566	1.46441801920578	4.11876978555566
ENST00000539319	0.031848528995575	1	4.60663182678539	1.77706189157831	1	5.04371695296287	0.592353963859438	0.252697295039316	0.339656668820122	0.0929286221995757	0.339656668820122
ENST00000539548	0.0492025287777042	1	3.86842993473036	14.6175103887432	1	1.15533291832059	4.87250346291439	2.05620934740845	2.81629411550594	1.4598441889391	2.81629411550594
ENST00000539888	0.0265306108691488	1	4.92110059586692	12.9643680908079	1	1.03472332036395	4.32145603026931	0.665165309680261	3.65629072058905	1.46288403296344	3.65629072058905
ENST00000540288	0.024175056753873	1	5.08202947024218	10.7039725408351	1	0.942476174220242	3.56799084694503	0.293807886548443	3.27418296039659	1.46085300739901	3.27418296039659
ENST00000540998	0.0413123346837688	1	4.16315700851354	12.5995049341774	1	1.07364526621545	4.19983497805913	1.41023143067998	2.78960354737914	1.45965566477763	2.78960354737914
ENST00000541240	0.0493399092669068	1	3.86375084164195	12.22383384893	1	1.50356668949529	4.07461128297668	1.60099885170529	2.47361243127139	1.55241331742638	2.47361243127139
ENST00000541731	0.0205854929685763	1	5.36154800939858	12.0497365216922	1	1.0394532687288	4.01657884056406	0.480828722248657	3.53575011831541	1.46251044890364	3.53575011831541
ENST00000542343	0.0304387253978801	1	4.68434164820417	10.3378506692988	1	0.90172087557933	3.4459502230996	0.350154460135079	3.09579576296452	1.45498439641259	3.09579576296452
ENST00000542393	0.0246383177095245	1	5.04912920733564	11.3301248628126	1	0.973069317234365	3.77670828760419	0.411159886278208	3.36554840132599	1.46434201175773	3.36554840132599
ENST00000543496	0.00681970984212654	1	7.31985014703879	19.9722536342652	1	1.53409248080405	6.65741787808839	0.652596844213231	6.00482103387516	1.58185873032824	6.00482103387516
ENST00000545534	0.0383698020940852	1	4.28855325912145	12.1184605704838	1	1.03625769677794	4.03948685682795	1.15083019974753	2.88865665708042	1.46276471806101	2.88865665708042
ENST00000546360	0.0389713095142772	1	4.26211772012384	12.1251091917782	1	1.05026712860333	4.04170306392608	1.14840620254958	2.89329686137649	1.46160888231923	2.89329686137649
ENST00000547095	0.0349546567397944	1	4.4473887385821	14.2360728804766	1	1.17526509466726	4.74535762682552	1.63358387346748	3.11177375335804	1.46270583205336	3.11177375335804
ENST00000547314	0.0166570531894284	1	5.73215254264765	16.0827670263719	1	1.23218474839791	5.36092234212398	0.810108353258399	4.55081398886558	1.46456392942008	4.55081398886558
ENST00000547649	0.0134647478693074	1	6.10700013301345	0.970966511000595	1	5.15556649969074	0.323655503666865	0.0352175878599136	0.288437915806951	0.0864727017533868	0.288437915806951
ENST00000547809	0.0229006772767675	1	5.17602344308012	11.472067268927	1	0.99251411851292	3.82402242297567	0.416808992440731	3.40721343053494	1.46484145633231	3.40721343053494
ENST00000549143	0.0421271687549937	1	4.13008765102748	14.6861844137029	1	1.22282949083172	4.89539480456763	2.12260602337312	2.77278878119451	1.46475372128975	2.77278878119451
ENST00000549701	0.0406673793306288	1	4.18982148593751	13.0998551480454	1	1.11651185127378	4.36661838268179	1.5850579123338	2.781560470348	1.45761279981354	2.781560470348
ENST00000550697	0.0310656015306544	1	4.64933381165985	0.428895936364081	1	6.28165656681532	0.14296531212136	0.00712598842542301	0.135839323695937	0.0722233997967998	0.135839323695937
ENST00000551994	0.0214773115369685	1	5.2876395873852	14.3118747538957	1	1.19172173974333	4.77062491796524	1.06772512659482	3.70289979137041	1.46414392180763	3.70289979137041
ENST00000553708	0.0398780876652565	1	4.22306402265161	10.304587005023	1	0.90954849478127	3.43486233500765	0.661019685887585	2.77384264912007	1.45606486433498	2.77384264912007
ENST00000553957	0.0301634932307514	1	4.69995009486285	19.2951155615567	1	1.51303287942369	6.43170518718555	2.5875034084242	3.84420177876135	1.5612524493376	3.84420177876135
ENST00000556255	0.0275800318386662	1	4.85412923627786	9.5900624559989	1	0.854933319181176	3.19668748533297	0.0838399467880475	3.11284753854492	1.44872900442719	3.11284753854492
ENST00000557157	0.0358702197469427	1	4.40326380434662	12.4723180224953	1	1.04908054939594	4.15743934083177	1.11794863674564	3.03949070408613	1.46170986536166	3.03949070408613
ENST00000557450	0.008625436499506	1	6.89878467898179	17.0554821663923	1	1.36863276968031	5.68516072213076	0.596706620636208	5.08845410149455	1.46941448617591	5.08845410149455
ENST00000558527	0.03770082407714	1	4.31846917140778	11.6240626872712	1	1.00993702229015	3.87468756242374	1.02103521933821	2.85365234308553	1.46442456022188	2.85365234308553
ENST00000559004	0.0293863598156374	1	4.74483568732793	15.1562114735673	1	1.13861274516285	5.05207049118909	1.16094854001719	3.89112195117191	1.45823668549664	3.89112195117191
ENST00000560371	0.0416320512343547	1	4.15010056572573	15.3845399823881	1	1.25672547485991	5.12817999412935	2.25083182938901	2.87734816474034	1.46366451587028	2.87734816474034
ENST00000560451	0.0153787927872741	1	5.87254621094062	14.5743531231379	1	1.17409752495951	4.85811770771264	0.603150304806338	4.2549674029063	1.46256677657958	4.2549674029063
ENST00000564750	0.0402035980924971	1	4.20927156774798	12.1013514893395	1	1.0259122917119	4.03378382977984	1.16415292602051	2.86963090375933	1.46352553454007	2.86963090375933
ENST00000565493	0.016408601618876	1	5.75855064427433	0.441872323077814	1	5.85228166146106	0.147290774359271	0.00427970308475461	0.143011071274517	0.0685167754974311	0.143011071274517
ENST00000566866	0.0266717409776333	1	4.91193530714225	13.9841053270005	1	1.13773053205827	4.66136844233351	1.10560350471003	3.55576493762347	1.45818139304125	3.55576493762347
ENST00000567212	0.0397556825885605	1	4.22828113543952	18.7767932050408	1	1.34673177318712	6.25893106834694	2.49901340929695	3.75991765904999	1.46526663776545	3.75991765904999
ENST00000568396	0.034318831486181	1	4.47874905872746	10.6406963446209	1	0.937741521847573	3.5468987815403	0.619727391876944	2.92717138966336	1.46013472456204	2.92717138966336
ENST00000569100	0.0367714262380102	1	4.36096701809481	12.6251424192633	1	1.05365900434326	4.20838080642111	1.16679396581614	3.04158684060498	1.46131899488953	3.04158684060498
ENST00000571887	0.0477585024762189	1	3.91846379653115	11.2815065088268	1	0.958407204724932	3.76050216960893	1.0855448506744	2.67495731893453	1.46310935631964	2.67495731893453
ENST00000577164	0.0392270476490036	1	4.25100769910618	13.2622338247604	1	1.12413499181675	4.42074460825345	1.57011205474769	2.85063255350576	1.45765952633082	2.85063255350576
ENST00000577880	0.0455953261619966	1	3.99648245592182	11.1460943369572	1	0.952258445232129	3.71536477898573	1.00031833570989	2.71504644327584	1.4623370365032	2.71504644327584
ENST00000579847	0.0458164090949635	1	3.98833161864314	12.6551678329227	1	1.06507237790574	4.21838927764089	1.51168019611784	2.70670908152305	1.46034945478015	2.70670908152305
ENST00000580081	0.0104439975834835	1	6.55755147425821	27.8937778783379	1	1.93074041579799	9.29792595944595	1.75639460180068	7.54153135764528	2.03043202342388	7.54153135764528
ENST00000580805	0.023863708131192	1	5.10451076618246	16.515500744734	1	1.31545368787927	5.50516691491134	1.61971482270724	3.8854520922041	1.46265414702252	3.8854520922041
ENST00000584307	0.0388960553954428	1	4.26540154604399	14.116916542873	1	1.17937730737589	4.70563884762433	1.8077519400009	2.89788690762344	1.46315447600511	2.89788690762344
ENST00000586171	0.0137490591573609	1	6.07008182082432	19.3770619509185	1	1.50000119907111	6.45902065030616	1.40192963505453	5.05709101525163	1.54915926382723	5.05709101525163
ENST00000588922	0.0458364536110348	1	3.98759467162194	9.6053419898215	1	0.855785287853313	3.20178066327384	0.574109560550231	2.6276711027236	1.44884223436053	2.6276711027236
ENST00000592947	0.00790972743646724	1	7.05380008548389	26.6246926880967	1	2.20626528572532	8.8748975626989	1.05927769316913	7.81561986952977	2.18847343280916	7.81561986952977
ENST00000598840	0.0383448144793962	1	4.28966081571569	14.6712629689149	1	1.14430891402741	4.89042098963831	1.60703469084401	3.2833862987943	1.4586619655273	3.2833862987943
ENST00000599848	0.0319508870338607	1	4.60113016646426	14.5269136508324	1	1.19462541919137	4.84230455027746	1.58962438733269	3.25268016294477	1.46430534741602	3.25268016294477
ENST00000599910	0.0357349109975929	1	4.40971021927551	14.0572637103403	1	1.17946429438801	4.68575457011344	1.68763255285122	2.99812201726222	1.46316328957462	2.99812201726222
ENST00000604524	0.0374767229031516	1	4.32861525472841	12.8474811418555	1	1.08017005002969	4.28249371395183	1.30931600066978	2.97317771328205	1.45916597339938	2.97317771328205
ENST00000605286	0.0194281926740551	1	5.46255731079525	13.852531252993	1	1.15482540558291	4.61751041766433	0.825686395976398	3.79182402168793	1.459778739016	3.79182402168793
ENST00000606712	0.0408120662372567	1	4.18380122761518	11.7750523912335	1	1.01073367852828	3.92501746374451	1.11928210264607	2.80573536109844	1.46438986508876	2.80573536109844
ENST00000610533	0.0189437949196553	1	5.50669649406322	14.2232598639009	1	1.25026736572804	4.74108662130029	0.923494967991798	3.81759165330849	1.46393277362162	3.81759165330849
ENST00000611648	0.0440349923424562	1	4.05521955488421	9.57958858417914	1	0.85506297687183	3.19319619472638	0.524810908060441	2.66838528666594	1.44874623984487	2.66838528666594
ENST00000614049	0.0356755225712011	1	4.4125476877978	10.6281453796104	1	0.929415384486862	3.5427151265368	0.62470358433518	2.91801154220162	1.45889839452196	2.91801154220162
ENST00000615025	0.0452943994394402	1	4.00764411401422	14.1150911747069	1	1.05575482706835	4.70503039156895	1.43128800953154	3.27374238203741	1.46113951473065	3.27374238203741
ENST00000616120	0.0374586346231287	1	4.32943696436496	11.2554939127905	1	0.95888686515455	3.7518313042635	0.796167580230381	2.95566372403312	1.4631629426219	2.95566372403312
ENST00000616738	0.0324807953756247	1	4.57293900772888	13.1738919334365	1	0.936963717049155	4.39129731114551	0.395711938871178	3.99558537227433	1.46001782067288	3.99558537227433
ENST00000616767	0.0316310595620202	1	4.61838212409715	12.8997400346211	1	1.09005442370015	4.29991334487371	1.13875205634414	3.16116128852957	1.4585160087858	3.16116128852957
ENST00000618828	0.0280417487251403	1	4.82549889095474	12.8143222951057	1	1.0474596390881	4.27144076503522	0.799428453285568	3.47201231174965	1.46184725230108	3.47201231174965
ENST00000618918	0.0363952861301817	1	4.37848720279771	12.323689553687	1	1.05609916456292	4.10789651789568	1.17056016619176	2.93733635170391	1.46111003522274	2.93733635170391
ENST00000619711	0.0190257600714511	1	5.49914627322923	12.0941777817686	1	1.04537710688172	4.03139259392286	0.428423828484042	3.60296876543882	1.46202254892529	3.60296876543882
ENST00000621835	0.0267075412678327	1	4.90961837568719	17.835561359427	1	1.27877172546814	5.94518711980899	1.51679509343994	4.42839202636904	1.46280529238397	4.42839202636904
ENST00000621846	0.0235674068520154	1	5.12618991184661	16.1770567752377	1	1.36844527521038	5.39235225841257	1.61875823620642	3.77359402220614	1.469369164166	3.77359402220614
ENST00000623153	0.0386931125185787	1	4.27429057997339	9.39570264317578	1	0.828397046278325	3.13190088105859	0.283585535799339	2.84831534525925	1.44515359228549	2.84831534525925
ENST00000623402	0.0151926542436116	1	5.89398833597238	14.6487668939962	1	1.21615210761883	4.88292229799874	0.780180788760762	4.10274150923798	1.46480387653309	4.10274150923798
ENST00000626021	0.0466185779392256	1	3.95910159126315	9.52652881972597	1	0.850046343340323	3.17550960657532	0.566123754511982	2.60938585206334	1.44807832427941	2.60938585206334
ENST00000627783	0.0325052598561733	1	4.57164911368295	5.74159834599277	1	4.57325930221671	1.91386611533092	0.161154109255627	1.7527120060753	0.137444750604397	1.7527120060753
ENST00000634258	0.0161185752628058	1	5.78989245015919	14.8633654386259	1	1.23276589668512	4.95445514620864	0.895401657103908	4.05905348910473	1.46454828080096	4.05905348910473
ENST00000636159	0.0299846876697759	1	4.71016992320543	13.0387185186694	1	1.08129725602111	4.34623950622315	1.02605648833068	3.32018301789247	1.45908572567829	3.32018301789247
ENST00000642195	0.0382272267077675	1	4.2948829797086	9.16365019290455	1	0.817912406747078	3.05455006430152	0.228675870867825	2.82587419343369	1.44369816638419	2.82587419343369
ENST00000642404	0.0243113516550932	1	5.07228250175896	16.8027880804426	1	1.27521947232495	5.60092936014755	1.44613452728557	4.15479483286198	1.46292515966791	4.15479483286198
ENST00000643371	0.0196861003729252	1	5.43951807319476	12.7855983769794	1	1.08134555637907	4.26186612565979	0.574203395762195	3.68766272989759	1.45908231882756	3.68766272989759
ENST00000645081	0.0476056680606382	1	3.92385253029649	11.9765921627013	1	1.03660417441414	3.9921973875671	1.42994489067135	2.56225249689575	1.46273751320129	2.56225249689575
ENST00000646049	0.0265192571463475	1	4.92184013194408	15.8375324520705	1	1.23178917483031	5.27917748402349	1.43779060957788	3.84138687444561	1.46457434967825	3.84138687444561
ENST00000646074	0.0273520582772287	1	4.86844993996629	15.317205751757	1	1.26274310803391	5.10573525058567	1.64724274620569	3.45849250437998	1.46341200817301	3.45849250437998
ENST00000646340	0.0174887852288946	1	5.64664661218476	18.541951764956	1	1.43294040109197	6.18065058831865	1.52672475376558	4.65392583455307	1.49728931532662	4.65392583455307
ENST00000646369	0.0489631721523091	1	3.87661532619117	17.720508562758	1	1.40645135735222	5.90683618758601	3.10696614147984	2.79987004610616	1.48271798543041	2.79987004610616
ENST00000647236	0.0289855595581797	1	4.76847086570362	13.7988555469246	1	1.06689435692912	4.59961851564153	0.870808773752375	3.72880974188915	1.46019837517462	3.72880974188915
ENST00000648638	0.0338975094310805	1	4.49986601574696	16.1954302553305	1	1.26416917998085	5.39847675177684	1.93147059436064	3.46700615741621	1.46335294921087	3.46700615741621
ENST00000648737	0.0483695900482769	1	3.89709801404161	12.6113381413053	1	1.07302518397791	4.20377938043509	1.62325334151378	2.58052603892131	1.45970417720058	2.58052603892131
ENST00000648947	0.0453557990970669	1	4.00536041190862	11.8075605313997	1	1.01302479991894	3.93585351046658	1.26262478502922	2.67322872543736	1.46428350197203	2.67322872543736
ENST00000650571	0.0349248195838777	1	4.44884698865641	13.3182298792064	1	1.11705169156808	4.43940995973546	1.37981904088093	3.05959091885454	1.45761085852322	3.05959091885454
ENST00000651992	0.031363143510425	1	4.63297457226794	12.3764453591484	1	1.08609300570992	4.12548178638281	1.05346087311173	3.07202091327108	1.45876113981606	3.07202091327108
ENST00000673858	0.0395872773103213	1	4.23548646761119	13.0390477396247	1	1.06997090994022	4.34634924654158	1.33132922569377	3.01502002084781	1.45994731991015	3.01502002084781
ENST00000674475	0.0360258662311577	1	4.39587985103009	15.3170970576829	1	1.26320278796806	5.10569901922764	2.05053111514295	3.05516790408469	1.46339291619283	3.05516790408469
ENST00000675112	0.0389671404617151	1	4.26229946889844	13.8484681520736	1	1.02680033535909	4.61615605069121	1.06964213581239	3.54651391487882	1.46346472377616	3.54651391487882
ENST00000675819	0.0128072422852582	1	6.19554301872681	16.1402462357063	1	1.31270053805561	5.38008207856876	0.869927154847374	4.51015492372139	1.46256966759503	4.51015492372139
ENST00000675855	0.0390774711794258	1	4.25749648756623	12.3398446374184	1	1.05748032113743	4.11328154580614	1.26604496460846	2.84723658119768	1.46099188033726	2.84723658119768
ENST00000676659	0.0174716725590234	1	5.64836323985758	17.2340201243739	1	1.37325483414773	5.7446733747913	1.38859379853776	4.35607957625354	1.470590066162	4.35607957625354
ENST00000676688	0.0444598767000646	1	4.03901073668122	12.3823681340227	1	1.01105788473468	4.12745604467423	1.20462033717085	2.92283570750338	1.46437540236761	2.92283570750338
ENST00000676955	0.02639312809571	1	4.93007787790743	13.5137043188127	1	1.13902208696656	4.50456810627091	1.12309112383846	3.38147698243245	1.45826328412548	3.38147698243245
ENST00000677096	0.0324649068385568	1	4.57377727700612	14.9969190605077	1	1.22269547799121	4.99897302016925	1.72579014781892	3.27318287235032	1.46475549108382	3.27318287235032
ENST00000677115	0.032737518022696	1	4.55945350873671	12.7787106597885	1	1.07158448861188	4.25957021992951	1.09932264529925	3.16024757463026	1.45981803318119	3.16024757463026
ENST00000678828	0.0288884353620397	1	4.77424950968662	21.4507525156063	1	1.47918029590214	7.15025083853542	2.33346506391748	4.81678577461795	1.53105571954949	4.81678577461795
ENST00000679300	0.0223330140580233	1	5.21965245181211	29.1677636026415	1	3.34904250051372	9.72258786754718	1.01692372315776	8.70566414438942	0.591204064814809	8.70566414438942
ENST00000679596	0.0255434064934188	1	4.98666408498419	12.9912371016705	1	1.12723189035599	4.33041236722351	0.975405896174057	3.35500647104945	1.45772649431503	3.35500647104945
ENST00000680681	0.0274676835458801	1	4.86117121210774	14.0609589548701	1	1.17279857951792	4.68698631829004	1.30498603710588	3.38200028118416	1.46240584713784	3.38200028118416
ENST00000680717	0.0224092058497728	1	5.21373021752273	17.0628972050131	1	1.37211133094754	5.68763240167103	1.73417867367628	3.95345372799475	1.47028867412786	3.95345372799475
ENST00000681156	0.0494371740768632	1	3.86044637533535	12.2086813378643	1	1.03898062757391	4.06956044595475	1.4948508143476	2.57470963160715	1.46254850944963	2.57470963160715
ENST00000681659	0.0117556772276084	1	6.34735002035558	15.6323467483968	1	1.24357786748038	5.2107822494656	0.536893022925118	4.67388922654048	1.46419462189173	4.67388922654048
ENST00000681844	0.0235089521819546	1	5.13050017332119	16.1177578704822	1	1.31392221993453	5.3725859568274	1.61532822532883	3.75725773149857	1.46260472653643	3.75725773149857
ENST00000682378	0.0187438930954081	1	5.52525291590307	12.3472888861957	1	1.05676855375399	4.11576296206524	0.446373225055077	3.66938973701016	1.46105274922462	3.66938973701016
ENST00000683139	0.00921018886279302	1	6.78160786316369	16.4800662064684	1	1.25221269023734	5.49335540215612	0.211666562479294	5.28168883967682	1.46385298117063	5.28168883967682
ENST00000683787	0.0112294696023836	1	6.4286373900947	16.686723048463	1	1.34889630960732	5.56224101615432	0.823607114344635	4.73863390180969	1.4655802771944	4.73863390180969
ENST00000683965	0.0213852981519403	1	5.29511668635378	13.9422800519706	1	1.14658949864792	4.64742668399021	0.887045517478237	3.76038116651197	1.45886653794013	3.76038116651197
ENST00000684031	0.0273894327755088	1	4.86609368267374	13.2008124608352	1	1.12454303631595	4.4002708202784	1.10973274051667	3.29053807976174	1.45766670146097	3.29053807976174
ENST00000684074	0.0447339985770435	1	4.02863962387263	9.28405729569253	1	1.19081999239146	3.09468576523084	0.718280364232654	2.37640540099819	1.46408856490605	2.37640540099819
ENST00000684445	0.0208347159320849	1	5.34056527874664	20.8487610577539	1	1.57660091133313	6.94958701925129	2.20357001906195	4.74601700018934	1.62648408056215	4.74601700018934
ENST00000685801	0.00692321762744352	1	7.29278227088194	28.2857086743308	1	1.94699881792878	9.42856955811027	1.13593282335778	8.29263673475249	2.05109892541191	8.29263673475249
ENST00000686755	0.0347738731415718	1	4.45624431217986	12.7122548302141	1	1.07110184166215	4.23741827673804	1.17416585039232	3.06325242634571	1.45985651651738	3.06325242634571
ENST00000693470	0.0406686500977098	1	4.18976851292134	11.9296330990134	1	1.00338027295513	3.9765443663378	1.08130378900599	2.89524057733182	1.46466192732466	2.89524057733182
ENST00000695572	0.0389298854169875	1	4.26392449888507	10.2814810694212	1	0.897695254286498	3.42716035647375	0.583822735155018	2.84333762131873	1.45443487963131	2.84333762131873
ENST00000699050	0.0187253319638948	1	5.52698626534162	17.8627949596156	1	1.37125177786023	5.95426498653852	1.41900266644747	4.53526232009105	1.47006672660813	4.53526232009105
ENST00000700062	0.0222106437660461	1	5.22920799520519	13.8950814273999	1	1.10780032698846	4.63169380913329	0.744301383986	3.88739242514729	1.45774543967808	3.88739242514729
ENST00000700499	0.031231400102693	1	4.64019793693659	15.1219276203163	1	1.24259314011912	5.04064254010544	1.75450896583602	3.28613357426942	1.46423096429725	3.28613357426942
